filename	acq_time
eeg/sub-185_ses-002_task-sleeponset_eeg.vhdr	n/a
